629  702 102 160 4
686  786 195 131 2
83  35 132 175 4
360  426 131 187 5
791  664 172 187 3
169  834 131 183 1
653  177 143 159 5
768  579 158 115 2
178  685 108 198 2
501  40 178 196 0
861  761 156 120 4
810  416 173 107 2
404  34 150 109 5
131  480 147 106 1
410  653 156 116 0
64  572 118 167 1
798  524 163 172 5
866  443 176 148 4
306  879 111 197 0
923  248 117 163 3
604  792 144 116 1
478  706 178 187 2
141  736 137 160 2
661  268 132 191 4
652  570 182 115 4
53  885 114 100 1
201  499 196 159 3
758  190 151 189 2
316  213 163 107 5
579  549 169 133 4
743  875 112 113 5
315  211 101 120 3
556  825 193 154 0
176  190 149 112 4
110  17 138 143 3
514  609 169 165 4
993  318 169 172 2
631  181 187 172 5
360  187 137 122 0
413  198 108 124 4
566  648 196 145 3
19  462 150 132 1
124  22 181 180 1
951  384 192 136 0
60  143 123 180 2
384  914 114 121 3
49  648 135 193 4
638  230 107 127 3
955  821 114 121 0
563  484 121 103 3
685  571 169 185 2
239  229 116 144 0
496  927 132 187 5
560  233 120 157 1
176  642 161 124 2
509  924 180 141 5
695  519 137 199 1
719  748 139 168 1
74  706 184 168 2
386  199 118 147 3
201  114 106 135 2
25  743 145 186 0
971  741 163 151 2
299  74 127 108 5
962  756 130 154 4
82  950 107 126 4
176  163 181 134 0
922  420 165 167 4
866  927 164 113 4
375  1 112 135 0
390  576 116 101 5
885  171 163 169 2
964  625 171 185 1
909  422 175 105 4
273  996 155 151 1
580  807 178 143 1
627  61 154 194 4
904  463 181 175 3
178  833 169 121 4
154  501 123 128 5
326  901 132 188 3
148  250 137 174 5
112  440 159 134 2
405  369 181 126 5
483  875 152 194 1
972  812 157 106 0
649  854 153 145 1
586  348 199 100 0
216  485 163 130 3
301  161 140 117 4
566  514 135 190 5
599  519 104 197 4
993  270 191 189 2
816  911 115 182 0
370  375 149 167 1
305  550 145 123 2
437  353 137 158 0
126  840 141 137 3
382  475 162 114 0
270  604 185 105 5
304  957 128 105 2
198  654 120 112 2
314  442 143 164 0
21  395 183 136 5
853  473 152 195 4
254  755 127 109 5
661  950 144 116 2
919  53 105 198 5
483  26 148 170 4
283  766 158 109 4
138  109 175 142 5
450  106 150 157 3
402  378 199 156 1
694  788 124 126 5
287  178 181 135 0
228  166 158 125 5
685  153 137 145 4
237  627 121 171 1
118  720 179 145 0
359  273 103 152 3
103  36 125 124 3
138  16 184 184 5
914  627 152 103 5
22  91 149 152 1
845  784 167 192 5
722  745 172 189 4
751  606 110 109 2
6  746 132 109 5
330  580 133 182 3
896  287 124 141 5
905  367 161 155 5
189  863 188 135 2
93  634 153 111 0
639  981 110 189 0
672  532 178 129 4
565  251 116 105 2
97  699 187 190 3
38  740 142 134 2
833  598 138 179 1
72  425 177 138 2
85  839 140 163 5
974  302 142 184 0
272  808 174 127 3
691  498 105 172 3
0  679 125 175 4
677  334 194 192 1
758  27 197 111 1
287  311 127 109 3
719  846 143 140 1
767  55 107 179 4
30  89 161 158 4
896  337 194 112 2
702  6 130 198 3
443  37 143 146 0
296  391 190 109 5
260  523 115 198 4
766  9 169 148 5
373  932 188 188 4
815  698 113 180 0
702  255 187 186 2
881  31 128 166 3
562  344 162 125 4
195  987 174 117 3
11  378 158 155 3
185  286 171 161 1
882  852 157 151 1
24  394 197 186 1
153  292 113 191 2
415  844 107 185 5
781  843 156 134 2
657  121 124 191 3
951  712 157 109 0
42  308 166 167 1
965  158 148 134 3
126  424 141 187 0
131  966 163 169 1
250  123 118 156 2
523  897 109 147 1
6  52 154 137 1
80  546 160 107 3
6  112 159 155 3
206  835 154 174 2
641  541 175 175 1
530  944 192 133 2
416  830 175 169 3
140  708 175 100 0
383  762 108 125 3
460  870 160 177 3
496  524 169 129 5
873  111 172 107 4
390  108 151 145 2
595  730 104 135 2
419  967 109 163 4
866  374 117 170 5
165  280 196 121 0
912  861 151 161 2
729  461 131 151 3
823  158 120 160 5
397  949 197 128 0
362  690 172 187 1
373  174 140 150 2
366  82 101 130 4
246  839 130 176 3
731  566 197 154 4
629  376 139 166 5
263  915 102 177 1
340  939 156 142 3
267  239 191 157 2
976  479 162 150 5
605  427 141 129 2
702  836 151 193 2
863  29 184 147 5
265  790 192 187 3
3  54 154 184 0
586  349 175 146 2
221  810 165 137 4
743  194 122 105 0
68  212 180 179 2
573  679 144 129 1
179  128 155 175 3
206  790 135 131 2
38  15 144 136 3
459  419 147 189 0
305  780 176 170 4
767  534 145 191 3
978  326 190 170 0
317  421 125 188 3
538  370 107 131 2
397  275 183 189 1
600  140 112 122 3
422  311 165 113 5
300  720 189 101 4
410  205 128 161 5
400  994 114 165 2
791  467 176 126 3
427  96 121 144 4
400  133 153 172 5
26  942 102 103 2
882  277 104 191 5
607  489 145 103 1
765  246 123 111 5
798  722 151 137 0
854  977 192 129 0
